0.5288655086992341
0.5178503802114682
0.6068133894779250
-0.9679124322303274
-0.2269158156270873
1.2022476660857582
1.1357494299633630
-2.1964241265964306
-1.0559941810416553
1.1613127288272955
-0.4456624857298824
1.2793974101899410
0.3467746452493422
-0.5125817605879963
-2.3846744659850954
-0.0343230959263329
0.7628277035266687
2.2871405654215651
-0.4385636182865135
-0.5824709385660800
-0.2053834608425215
-1.4599345937944757
-1.3979704480278461
1.3726055331373981
1.7130784034381408
-0.2147315043598539
1.2219275819133233
-0.8502009244789120
0.7678028435752873
-2.9456849630879298
0.1588534450699490
-0.6805816977594528
-0.5260507000525199
-0.2210592131724358
-0.5447170976091683
-0.5679959740392809
-0.1494370940818702
-0.4789880181118927
-1.0166095973945535
-0.2281019709294274
-2.8830893866165650
-1.3506653624258738
0.8083708638877872
2.0201400477811817
-1.3031280540140522
-0.6865372620889597
0.7023428565143989
-1.9664626449335534
-0.0765167386085887
0.5367988603022638
2.3513694733132349
0.3147636217094976
-0.5059409695485242
-0.1148801349005267
-0.5256230952419233
-1.0432571259843542
-1.0166678562992173
1.5374652667528681
0.5509244145908877
-0.1239239015367043
0.1859460282092797
-1.7941173111864703
1.2823308757493543
1.0377575884531531
0.4749821328693410
-0.6638031822828069
0.2269180730887779
0.2606390919137304
0.1922600953194605
0.3253436190146228
-0.5409162399451642
-0.1446705374541861
0.1609253530438708
2.0516634230940003
-0.1461329650475400
1.1573939001700966
-0.0825957395736473
2.0633198750386517
-0.8820010590960635
-0.3824782307753988
1.7163641177272826
-1.6132162459523030
-0.6661536447021370
1.3528120145069318
0.3787667688996935
-0.4711861241409055
-0.4599994714744394
-0.6547127205145422
-1.0942110570028762
-0.1471202056652854
0.0889239789430028
0.9073867375098535
0.6545610608402824
-1.1016491157901920
0.1489756568295620
-1.5567373867201861
1.1554511992940057
-0.1518654979274623
0.2442704523044838
-1.2067980600154693
