-1.8286249612015140
4.0561850164657169
0.4768862104729855
-3.0386374237065858
1.1599261482006287
3.9889940507465589
1.6147174447763641
-1.1879052780134483
2.5410254656894109
3.4374906440484594
0.8795585393609211
3.1750831598502343
3.0010866247531403
-0.0605479349714477
-4.0577077064749574
1.7556376205903028
-0.5016532231020953
7.0851781791737167
2.6116127717621169
0.4147774083924074
-0.8055355838795943
3.7023134618918316
-1.4677175700032157
-1.9105829733876949
5.0556951904964542
1.6757199100029245
-5.1456924071910990
-3.7225864979759518
1.6629604702131697
-0.9363385260469879
0.7000567168563074
-7.2064176210555067
2.1412716448575919
-2.6964538136657485
2.8346695939995374
-3.7314904766325601
1.9011288431953872
-4.2482734533098698
-0.2884104816613046
-3.5518368859218530
-1.7781643613851830
-2.9736144679732854
-3.0860384073274263
2.3926065603432365
-1.3962258391055049
2.3840213757751343
1.3279901425876899
-2.5245427169555450
-4.5688966112755978
4.9120168941163502
1.6287107715692999
5.3743759710202061
-0.0579878277606403
-3.0632830525198478
-1.3412737584149486
1.7487841782562525
-0.1776875170681304
-2.9424875567337789
5.5055505568648613
-2.8904865025957136
-1.2606675286585012
-1.3768434512170731
-3.2954904882901928
5.7021850161384844
-0.4429204849808733
3.8377722178166409
1.0123530659713385
-3.8346733872565055
-0.1787527840855891
-0.0947103933774397
-2.8728251059464220
-4.0705351454378738
0.3644548573949165
0.2292611793952366
-2.2066967430569822
2.3724406742393844
-5.9650173668780262
-1.5064948667625297
-4.4886233498447039
-4.6377557443005513
4.6822410898050562
-3.2243199120543600
1.4253494273112151
0.5977545765174102
0.8209079104349155
-2.9180525089925520
-1.9413738387717976
-5.8160658398328042
-4.0872011609912171
-0.8560628656829414
1.1797596045588632
2.9881406244119502
0.0563922814597557
-3.1742421720114820
-3.6149152770892394
-1.0257541476811243
-0.3303749002653691
-1.3826530015494356
2.8239060583376991
-2.1166806114632672
