-0.7858301566335827
1.1794448787514162
-0.0433090596683132
-0.6902416638254194
0.4622806546092386
0.9289154615536003
0.1596560049376670
0.3361729495276608
1.1990065489103554
0.7587259717403879
0.4417403416969345
0.6318952498867645
0.8847706598345993
0.1506779418721829
-0.5576777468299541
0.5966535721722119
-0.4214936422095880
1.5993458712507171
1.0167254633495435
0.3324161156528291
-0.2000507076790243
1.7207493518954358
-0.0232490406584565
-1.0943961688416977
1.1142055956861046
0.6301504714542595
-2.1225399963681411
-0.9574618578323465
0.2983858755459609
0.6697821456803140
0.1804010905954528
-2.1752786410986844
0.8891074483033705
-0.8251315334977708
1.1264622305362353
-1.0544981675310929
0.6835219790924192
-1.2564284783993256
0.2427330385777496
-1.1079116383308085
0.3683083417437940
-0.5409830351824705
-1.2981364237384045
0.1241555041873517
-0.0310325950304843
1.0235195459546980
0.2085490953577637
-0.1860266906739971
-1.4974599575556697
1.4584060112713622
-0.2408862339146449
1.6865374497702363
0.1493177139292946
-0.9828009725397737
-0.2718835543910084
0.9306804347468689
0.2796601130770290
-1.4933176078288823
1.6515420474246578
-0.9221875336863364
-0.4822045189559270
0.1390912866564657
-1.5259404546798490
1.5548091425617772
-0.3059675392834048
1.5005251333664824
0.2618116642941868
-1.3651041597234119
-0.1236709598016832
-0.1400180041306875
-0.7773029553337525
-1.3086215359945623
0.0678431681170152
-0.6074674145662545
-0.6868545926698140
0.4050155913564293
-1.9608072091014597
-1.1899382472670605
-1.2022074302495467
-1.4184258378417176
0.9886256573592578
-0.5370345553673523
0.6971676906711173
-0.2516858126631739
0.1473803805117407
-0.8156221282838823
-0.4937914557657861
-1.7204510397727539
-0.9976633679961138
-0.2363142200058853
0.3636118752052868
0.6935846289673656
-0.1993895931268422
-0.6908643520737634
-1.2546303113062671
0.1769944130130206
-0.4952753665197916
-0.4102625012073244
0.8598785353444051
-0.3032941838159326
